function [data] = hgp_gng_data_T2DM()

data = [
121	14	14	22.7	12.7	10	56
31	13	13	10.8	3.8	7	35
33	23	23	11.1	9.8	1.3	88
26	15	15	16.7	10.8	5.9	65
41	17	17	10.4	6.9	3.1	66
41	22	22	7.6	5.7	1.9	69
42	16	16	8.6	4.8	3.8	56
42	16	16	12.6	8.5	4.1	65
43	NaN	NaN	17.7	11.9	5.8	67
43	NaN	NaN	24.1	15.7	8.3	65
123	15	15	16.7	11.2	5.5	67
26	16	16	15.2	9.4	5.8	62
];