function [data] = hgp_gng_data()

data = [
    
18	66	66	7.56	7.39	0.34	97
19	53	53	8.7	8.3	0.3	96
20	60	60	7.87	7.71	1.58	98
21	40	40	9.8	9.1	1.1	92
22	42	42	NaN	NaN	NaN	93
23	40	40	7.93	7.13	0.8	90					
18	14	14	12.5	3.6	9	28
30	11	11	7.15	2.2	4.9	31
31	13	13	8.3	2.6	5.5	31
32	12	12	8.8	4.5	4.3	51
19	22	22	12.2	7.9	4.3	64
33	23	23	8.9	6.1	2.8	70
20	11	11	12.1	5.9	6.2	49
34	10	10	11.7	4.9	6.8	41
21	12	12	12.9	5.3	7.7	41
35	NaN	NaN	13.1	7.4	5.7	56
36	18	18	8.5	5.9	2.6	59
36	18	18	8.5	3.7	4.8	44
37	12	12	12.9	5.3	7.6	41
37	16	16	11.5	6.6	4.8	57
37	20	20	10	7.1	2.9	71
22	14	14	10.2	5.5	4.7	54
22	22	22	8.6	5.5	3.1	64
38	16	16	10	5.5	4.5	55
38	20	20	9	5.4	3.6	60
38	24	24	8.5	5.2	3.3	61
39	10	10	11.4	5.5	5.9	48
27	16	16	12.2	6.7	5.5	55
26	15	15	12.4	5.6	6.7	45
40	10	10	12.2	7.4	3.8	60
41	11	11	10.4	5.8	4.65	55
42	16	16	9.8	5	4.8	51
43	15	15	17.7	12.7	5	71
44	16	16	17.5	8.9	8.2	51
45	17	17	11.9	4.6	7.3	38
];