function [cdata] = boxplot_concentratrions()

cdata = [
  1	2.070	NaN
1	3.430	NaN
1	3.430	NaN
1	3.000	NaN
1	2.846	0.214
1	2.720	0.340
1	2.800	0.170
1	0.490	0.120
1	2.370	0.170
1	1.490	0.070
1	2.070	0.060
1	1.740	0.130
1	1.820	0.100
1	3.02	0.07
1	2.780	0.070
1	2.790	0.030
1	2.490	0.120
1	2.560	0.090
1	2.320	0.070
1	2.260	0.110
2	0.72	NaN
2	0.715	NaN
2	0.598	0.052
2	0.500	0.040
2	0.590	0.030
2	0.940	0.070
2	0.480	0.010
2	0.800	0.050
2	0.860	0.050
2	0.860	0.070
2	0.810	0.080
2	0.885	0.091
2	1.310	0.070
2	1.380	0.080
2	1.060	0.030
2	1.240	0.040
3	0.16	NaN
3	0.160	NaN
3	0.016	0.004
3	0.016	0.002
3	0.050	0.030
3	1.160	0.180
3	0.080	0.010
3	0.180	0.020
3	0.283	0.029
3	0.237	0.037
3	0.343	0.024
3	0.313	0.022
3	0.384	0.028
3	0.239	0.016
4	0.360	NaN
4	0.285	0.030
4	0.186	0.009
4	0.287	0.009
4	0.362	0.014
4	0.494	0.038
4	0.443	0.039
4	0.648	0.074
5	0.090	NaN
5	0.108	0.012
5	0.071	0.012
5	0.078	0.005
6	0.28	NaN
6	0.277	0.011
6	0.321	0.016
6	0.267	0.009
7	0.10	NaN
7	0.098	0.007
7	0.105	0.006
7	0.100	0.002
10	5.740	NaN
10	3.930	0.370
10	3.810	0.260
10	5.267	0.404
10	4.730	0.160
10	3.640	0.320
10	4.410	0.100
10	4.070	0.230
11	0.002	0.000
11	0.004	0.000
11	0.005	0.001
11	0.005	0.000
15	0.008	0.002
15	0.016	NaN
15	0.008	0.001
15	0.012	0.008
15	0.013	0.001
15	0.019	0.001
16	0.342	0.024
16	0.433	0.023
16	0.347	0.027
16	0.671	0.046
16	0.390	0.040
16	0.330	NaN
17	391.000	NaN
17	142.000	33.000
17	228.889	10.000
17	550.000	NaN
18	3.610	NaN
18	5.250	0.750
18	6.85	0.2
18	3.480	NaN
19	0.027	NaN
19	0.060	NaN
19	0.102	NaN
19	0.162	0.018
19	0.138	0.012
19	0.050	0.010
19	0.060	0.010
19	0.170	0.010
19	0.250	0.020
19	0.32	0.02
19	0.258	0.026
19	0.071	0.004
19	0.133	0.010
19	0.078	0.011
19	0.147	0.012
19	0.157	0.007
19	0.205	0.013
20	0.046	NaN
20	0.044	0.006
20	0.032	0.004
20	0.1	0.01
20	0.088	0.013
20	0.011	NaN
21	0.016	NaN
21	0.018	0.002
21	0.02	0.00
21	0.030	0.007
22	0.004	0.004
23	0.281	NaN
23	0.021	NaN
23	0.228	0.032
23	0.00	0.00
23	0.111	0.015
23	0.090	0.008
24	0.052	0.008
24	0.040	0.004
24	0.04	0.00
24	0.023	0.001
24	0.029	0.003
24	0.045	0.005
24	0.012	NaN
26	0.298	0.023
26	0.261	0.025
26	0.410	NaN
26	0.048	NaN
27	0.035	0.003
27	0.030	0.002
27	0.049	NaN
27	0.007	NaN
28	0.046	NaN
28	0.050	NaN
28	0.128	0.010
28	0.270	0.020
28	0.210	0.020
28	0.120	0.020
28	0.250	0.030
28	0.123	0.013
28	0.092	0.010
28	0.143	NaN
28	0.012	NaN
29	0.059	NaN
29	0.059	NaN
29	0.124	0.014
29	0.14	0.01
29	0.024	0.003
29	0.271	0.050
29	0.160	0.012
29	0.040	0.003
29	0.020	0.006
29	0.270	0.010
29	0.140	0.010
29	0.187	NaN
30	0.000	NaN
30	0.01	0.00
30	0.008	NaN
30	0.036	0.000
30	0.010	NaN
30	0.012	0.004
31	0.980	NaN
31	0.650	0.300
31	0.702	0.078
31	1.5	0.06
31	0.148	0.020
31	0.664	0.081
31	1.000	NaN
31	0.980	0.060
31	0.120	0.020
31	0.470	0.050
31	0.980	0.060
31	2.470	0.130
31	2.340	NaN
32	3.500	NaN
32	5.275	0.205
32	8.275	0.305
32	7.175	0.288
33	1.200	NaN
33	1.020	0.170
];



end